30001006
30001007
30001008
30001009
30001010
30001011
30001012
30001013
30001016
40001001
40001002
40001003
40001004
40001005
40001006
40001007
40001008
40001009
40001010
40001011
40001012
40001014
40001015
40001016
40001017
40001018
40001022
40001023
40001024
40001026
40001027
40001028
50001001
50001002
50001003
50001004
50001005
50001006
50001007
50001008
50001009
50001010
50001011
50001012
70001001
70001002
70001003
70001004
70001005
70001006
70001007
70001010
70001012
44001001
44001002
44001003
44001004
44001005
44001006
44001007
44001008
44001009
44001010
44001011
44001012
44001013
44001014
44001015
44001016
44001017
44001018
44001019
44001020
44001021
44001022
44001023
44001024
44001025
44001026
44001027
44001028
44001029
44001030
44001031
44001032
44001033
44001034
44001035
44001036
44001037
44001038
44001039
44001048
44001049
44001051
44001057
44001058
44001060
44001061
44001062
44001063
44001064
44001066
44001067
44001068
44001069
44001070
44001071
44001073
44001074
44001075
44001076
44001077
44001078
44001079
44001080
44001081
44001082
44001083
44001084
44001085
44001086
44001087
44001088
44001089
44001090
44001091
44001092
44001093
44001094
44001095
10101001
10101002
10101003
10101004
10101005
10101006
10101007
10101008
10101009
10101010
10101011
10101012
10101013
10101014
10101015
10101016
10101017
10101018
10101019
10101020
10101021
10101022
10101023
10101024
10101025
10101026
10101027
10101028
10101029
10101030
10101031
10101032
10101033
10101034
10101035
10101036
10101037
10101038
10101040
10101041
10101042
10101043
10101044
10101045
10101046
10101047
10101048
10101049
10101050
10101051
10101052
10101053
10101054
10101055
10101056
10101057
10101058
10101059
10101060
10101061
10101062
10101063
10101064
10101071
10101072
10101073
10101074
10101075
10101076
10101077
10101078
10101079
10101080
10101081
10101082
10101083
10101084
10101085
10101086
10101087
10101088
10101089
10101090
10101091
10101092
10101093
10101094
10101095
10101096
10101097
10101098
10101099
10101100
10101101
10101102
10101103
10101104
10101105
10101106
10101107
10101108
10101109
10101110
10101111
10101112
22221001
22221002
22221003
22221004
22221005
22221006
22221007
22221008
22221009
22221010
22221011
22221012
22221013
22221014
22221015
22221016
22221017
22221018
22221019
22221020
22221021
22221022
22221023
22221024
22221025
22221026
22221027
22221028
22221029
22221030
22221031
22221032
22221033
22221034
22221035
22221036
22221037
22221038
22221039
22221040
22221041
22221042
22221043
22221044
22221045
22221046
22221047
22221048
22221049
22221050
22221051
22221052
22221053
22221054
22221055
60001001
60001002
60001003
60001004
60001005
60001006
60001007
60001008
60001009
60001010
60001011
60001012
60001013
60001014
60001015
60001016
60001017
60001018
60001019
60001020
60001021
60001022
60001023
60001024
60001025
60001026
60001027
60001028
60001029
60001030
60001031
60001032
60001033
60001034
60001035
60001036
60001037
60001038
60001039
60001040
60001041
60001042
60001043
60001044
60001046
60001047
60001048
60001049
60001050
60001052
60001053
60001054
60001055
60001056
60001057
60001058
60001059
60001060
60001061
60001062
60001063
60001064
60001065
60001066
60001067
60001068
60001069
60001070
60001071
60001072
60001073
60001074
60001075
60001076
60001077
60001079
60001080
60001081
60001082
60001083
60001084
60001085
60001087
60001088
60001089
60001092
60001093
60001094
60001095
60001096
60001097
60001098
60001099
60001100
60001101
60001102
33331001
33331002
33331004
33331006
33331007
33331008
33331009
33331010
33331011
33331012
33331013
33331014
33331015
33331016
33331017
33331018
33331019
33331020
33331021
33331022
33331023
33331024
33331025
33331026
33331027
33331028
33331030
33331031
33331032
33331033
33331034
33331035
33331036
33331037
33331038
33331039
33331040
33331041
33331042
33331043
33331044
33331045
33331046
33331047
33331048
33331049
33331050
33331051
33331052
33331053
33331054
33331055
33331056
33331057
33331058
33331059
33331061
33331062
90001001
90001002
90001004
90001005
90001006
90001007
90001008
90001009
90001010
90001011
90001012
90001013
90001014
90001015
90001016
90001017
90001018
90001019
90001020
90001021
90001022
90001023
90001024
90001025
90001027
90001028
90001029
90001030
90001031
90001032
90001033
90001034
90001035
90001036
90001037
90001039
90001040
90001041
90001042
90001043
90001044
90001045
90001046
90001047
90001048
90001049
90001050
90001051
90001052
90001053
90001054
90001055
90001056
90001057
90001058
90001059
90001060
90001062
90001063
90001064
90001065
90001066
90001067
90001068
90001069
90001070
90001071
90001073
90001074
90001075
90001076
90001077
90001078
90001079
90001080
90001081
90001082
90001083
90001084
90001085
90001086
90001087
90001089
90001090
90001091
90001092
90001093
90001094
90001095
90001097
90001098
90001099
90001100
90001101
90001102
90001103